1=========
input: 

[339259, 6623, 12123, 326, 71676, 8688, 10375, 425505, 12437, 9208, 10027, 137094, 7737, 629176, 4959, 1647, 3600, 7007, 9341, 9292, 9703, 19959, 10159, 11595]
------
output: 

{11: [13210, 468362, 351339, 855, 13922, 454227], 6: [302150, 11474, 44048, 1571, 3595, 14636, 242166], 0: [12505, 9331, 10671, 31948, 20782, 9509, 12113], 12: [8978, 399361, 19108, 2019, 9691, 480042], 5: [10546, 9495, 1250, 834, 277], 4: [35813, 70436, 795518, 403642, 800815, 38410, 57749], 9: [336843, 24051, 174, 10640, 72559], 8: [20721, 8382, 14362, 26173, 9625, 24], 1: [384521, 384798, 2154, 573560, 44037, 429471, 71469], 7: [461130, 9823, 605116, 198184, 414, 19901], 10: [10551, 10668, 91550, 26715, 9515, 150], 3: [3132, 8427, 10762, 9448, 11667, 13191], 2: [23047, 13945, 311324, 166426, 10473, 9610]}
2=========
input: 

[8997, 190847, 50357, 283686, 6933, 714669, 19592, 227348, 157115, 9022]
------
output: 

{1: [748853, 520763, 343112, 4722, 15212, 391975, 258193], 2: [91586, 292280, 13557, 27374, 575774, 18781, 407389], 3: [394830, 433808, 622, 440444, 882598], 0: [10213, 541560, 25749, 599975, 381288, 146301], 4: [44214, 381283, 64720, 159128, 22681, 409164]}
3=========
input: 

[116745, 9799, 238713, 32657, 267860, 4523, 718930, 345887, 363676, 37686, 39514, 7551, 7451, 744, 4327]
------
output: 

{8: [9447, 347031, 381289, 6116, 49391, 254375], 1: [17134, 38700, 17466, 9874, 189, 400535, 26103], 7: [11517, 54054, 648579, 14034, 809787, 339846], 2: [76285, 2454, 630, 448119, 12155, 10140], 6: [70196, 35201, 27342, 578701, 294793, 106021, 717930], 9: [14191, 10808, 10202, 10869, 10025, 2493], 3: [1883, 12271, 10360, 11499, 318781, 43278], 0: [10153, 347945, 332502, 406240, 1001835, 63], 4: [12138, 8961, 34544, 942, 8860], 5: [28410, 7515, 31509, 58699, 1058, 29882]}
4=========
input: 

[16562, 447034, 19265, 407445, 882096, 568467, 11208, 1278, 233470, 2028, 13649, 15143, 845659, 31031, 42950, 252171, 18701, 22627]
------
output: 

{2: [209249, 712, 736918, 3573, 614409, 10938, 16781], 1: [17612, 258480, 744275, 51828, 475888, 119675, 43136], 8: [15513, 2642, 9051, 9919, 32255, 31773], 0: [301372, 4174, 513409, 560, 1049, 9753], 7: [8060, 28564, 21564, 44190, 74544, 152748], 5: [10947, 13655, 23367, 32293, 18126, 11887], 3: [2280, 10025, 21539, 13198, 59435, 16661], 6: [28261, 201085, 786300, 6114, 27588, 18966], 4: [25196, 65203, 42121, 28971, 12637, 332562]}
5=========
input: 

[166426, 36557, 36668, 68726, 605, 384018, 333339, 62211, 1894, 524434, 338952, 497698, 507086, 404368, 293167, 95, 254, 82992, 38757, 49521, 348350, 141052]
------
output: 

{3: [9334, 58, 27022, 1734, 285], 9: [551, 1669, 31671, 46713, 76163, 955], 6: [44833, 351286, 87101, 46529, 869, 200, 16320], 0: [363088, 339964, 634649, 1724, 127585, 1771], 5: [3989, 10204, 9838, 203801, 24130, 9292], 2: [12, 175112, 168903, 11544, 417047], 7: [12155, 630, 259316, 32657, 448119, 76285], 1: [258509, 211672, 127380, 82690, 675445, 72197], 8: [9433, 14280, 4643, 664, 166680, 11210], 4: [250388, 287948, 385687, 393, 603692, 22021]}
6=========
input: 

[10545, 7451, 76163, 2164, 594, 1572, 27576, 1924, 1824, 9738, 257344, 664, 2675, 298, 32657, 107846, 38365, 59961, 18, 458423, 1538]
------
output: 

{4: [13205, 8587, 3170, 16110, 35257, 10948], 5: [955, 36643, 36670, 36557, 1669], 10: [363088, 634649, 339964, 1771, 1724, 127585, 497698], 1: [9382, 13998, 1723, 65015, 310121, 12560], 8: [3595, 13722, 2636, 10135, 9727, 242166], 0: [207932, 225574, 13027, 440471, 59965, 48138], 12: [9029, 13972, 20036, 95610, 13596, 50544, 225565], 2: [11649, 14164, 8850, 268896, 388191, 13486], 11: [59678, 479455, 11692, 107985, 262841, 9397], 6: [254, 31638, 98, 18808, 11210, 9433], 9: [157353, 8836, 10145, 565743, 56780, 11588], 3: [26390, 146233, 6071, 1422, 128241, 275], 7: [76285, 2454, 630, 448119, 12155, 10140]}
7=========
input: 

[49026, 12444, 284054, 285, 49051, 37724, 321612, 337339, 58, 299537, 269149]
------
output: 

{2: [136797, 13051, 25602, 9615, 17314, 77866], 6: [767, 671, 11527, 68737, 674, 675], 5: [102899, 24428, 283995, 271110, 284053, 640146, 447365], 1: [847, 13945, 9610, 166426, 10473], 3: [956, 709, 36669, 49021, 46713, 31671], 0: [10882, 150689, 54113, 16119, 4523, 14128], 4: [227783, 454640, 8916, 263109, 172385, 459151]}